%YAML:1.0
---
nmarkers: 100
markersize: 5
maxCorrectionBits: 3
marker_0: "1110101000011101100101100"
marker_1: "1101001101100100001111101"
marker_2: "0110010110101101001100000"
marker_3: "0010001011010001011110000"
marker_4: "1110011110000111010011100"
marker_5: "1100000011111001100010101"
marker_6: "0110100010010101010011011"
marker_7: "0000101010110111011101101"
marker_8: "1101011000111100011011010"
marker_9: "1011011100001000100011011"
marker_10: "0100000000100000010110100"
marker_11: "1110101010000010010110001"
marker_12: "1000010100101110010001110"
marker_13: "1110011101100010100101110"
marker_14: "1011101001001000111110100"
marker_15: "0100010000010100011101111"
marker_16: "0111011010011001110111111"
marker_17: "0001011100111001011110101"
marker_18: "1001100100010001001000000"
marker_19: "0111111101110000000010101"
marker_20: "0001001111010110111011110"
marker_21: "1101111001101001110000110"
marker_22: "1101001001010111110101010"
marker_23: "1001101100011010010011100"
marker_24: "1010000110100011101101101"
marker_25: "1010110111101011100011100"
marker_26: "0011010010001110101111100"
marker_27: "0111110001011001011011010"
marker_28: "1110110000111001101110110"
marker_29: "1110101010101111111110010"
marker_30: "1010000010110011110100010"
marker_31: "1010101000000000110001010"
marker_32: "0100100011001001000001100"
marker_33: "0111111011100001101011001"
marker_34: "1011010001100010011111001"
marker_35: "0011101101001111010000111"
marker_36: "0100100111111100110111011"
marker_37: "0101111111000110100011000"
marker_38: "1001110011000001110001011"
marker_39: "1000000100011110101000101"
marker_40: "1101100110110111101000111"
marker_41: "1110000010001100110010100"
marker_42: "1101000000000101011110001"
marker_43: "0000010010100111101101010"
marker_44: "1110000001100101100100111"
marker_45: "1111100010110011000011000"
marker_46: "1100101111110111010110100"
marker_47: "0100000010001011110000001"
marker_48: "1101101110001100101000000"
marker_49: "0010001010010110100001000"
marker_50: "1111111110001101010101001"
marker_51: "1110100000110100011100000"
marker_52: "0101100111011010111100100"
marker_53: "0111111001000000010100000"
marker_54: "0101011100101111101100110"
marker_55: "1000111110001111110000101"
marker_56: "1011100110111011011101110"
marker_57: "1010000111000101011000010"
marker_58: "0000011001101101000100101"
marker_59: "0101011100000010111111001"
marker_60: "1100001011100001011001000"
marker_61: "1000101001101111000010110"
marker_62: "0100111110011100101111100"
marker_63: "0101100101000101111001111"
marker_64: "0101101001111110000001100"
marker_65: "1100001100101101110111111"
marker_66: "0111011111001001101100101"
marker_67: "0011011010000110010111011"
marker_68: "1101110100100010010010000"
marker_69: "1100101110100010110011110"
marker_70: "0100001110001111011001010"
marker_71: "0000100001001010001110010"
marker_72: "1110011100100011111010000"
marker_73: "1001011010011010111010101"
marker_74: "0000000001101010101010101"
marker_75: "0011110100011010111110101"
marker_76: "1111100001001011000110100"
marker_77: "1100010100101010100001001"
marker_78: "1100101100000100010000110"
marker_79: "0001111101100000111011110"
marker_80: "0010110110100001010001001"
marker_81: "1011010110000001101110100"
marker_82: "0110010100011110001000110"
marker_83: "0100110111111000010010100"
marker_84: "1000111111101111011010000"
marker_85: "1101101111010100011110010"
marker_86: "0101010010011000000000100"
marker_87: "0000111011001100001001111"
marker_88: "1101100001001000010010111"
marker_89: "1110100101000111011001001"
marker_90: "1001101011011111110110011"
marker_91: "1000110000101001011011100"
marker_92: "0011110110101011100101010"
marker_93: "0000101001110011100000010"
marker_94: "0010101000011011110000100"
marker_95: "1011101011000101000111011"
marker_96: "0100010010000100100011011"
marker_97: "1011000110010010010000111"
marker_98: "0001011110100100001110100"
marker_99: "0101001101101010010110110"
